100
3000 50 0.123
2 1 0.5
3000 62 0.54049556192781
1663 78 0.7687146954912956
1 1 0.4
149 11 0.9359130629597303
3000 1235 0.9966125411381052
3000 68 0.883581865722848
1669 148 0.5130884739408568
2085 14 0.8077935016086191
3000 48 0.815240333295067
2681 212 0.6292711275047558
28 2 0.8093289629892031
911 89 0.8351503623533308
2771 128 0.8758407220649894
1849 117 0.9893464120782817
3000 94 0.8689874881448595
2742 61 0.9532570462552223
3000 132 0.9234418745440136
393 32 0.8120283847590396
486 47 0.6088001256743635
3000 27 0.8186760818824159
3000 160 0.6579502846146681
1435 97 0.7690642548951019
1818 125 0.6048252935337965
2810 12 0.936126143514934
35 4 0.7488013166774974
1543 140 0.6745100107079516
2887 65 0.5927955596454066
1199 61 0.8871619333542162
2747 112 0.9321534156101707
2014 194 0.6089818857707359
2637 148 0.7415451482506217
2941 219 0.750339808465424
2471 171 0.7912898049278603
3000 148 0.9286954412715177
3000 125 0.919826528587413
17 2 0.9150140896516434
2314 110 0.9268218756869193
3000 39 0.6214264176481694
2948 22 0.9142765222979363
518 13 0.6732217861720134
2907 260 0.8420649882779612
1283 10 0.6661247610815378
2311 142 0.852653804085409
1684 36 0.9986724786318375
1069 105 0.8526875524964972
1951 85 0.8247127159205291
1584 5 0.79954408040302
2855 187 0.8236994563582262
835 13 0.9117212329043967
170 8 0.6319017675821561
2632 253 0.8904351799003849
1355 102 0.842765043937916
2775 210 0.7539270113951959
2 1 0.4
3000 835 0.9304641233983514
10 5 0.9
2139 177 0.8869483760911945
3000 195 0.8184633788266845
1709 125 0.9251580120777659
1610 47 0.697238079810116
3000 1757 0.9670775954951097
975 8 0.6127093992786137
2618 194 0.8097210286246191
2917 64 0.9621890345939623
3000 135 0.5511401553868309
1 2 0.4
1655 148 0.5237605880692013
3000 6 0.6128288993437406
2237 181 0.5775766142450773
2853 35 0.5919365772491396
3000 854 0.9720202238293681
3000 2462 0.9151227339986332
711 56 0.584366839884684
2973 180 0.5492925581220062
2431 232 0.7440721922549706
1786 66 0.9885585908289589
330 15 0.7794361742253006
2995 273 0.8260852265030816
10 12 0.5
2509 199 0.6852840289625274
10 5 0.1
2220 14 0.5802514048791076
3000 43 0.8371587587474507
2716 68 0.7690328863035685
2524 197 0.509043899052767
38 4 0.7498810617519003
2449 95 0.8568630806155138
3000 50 0.987
516 3 0.9451494612594615
1150 77 0.5809022066595582
826 14 0.7777110289815001
2150 42 0.5158420224617499
3000 121 0.9980522144494091
1459 63 0.912155057992883
2972 236 0.9681945885298201
2150 33 0.7432604328325509
677 22 0.5212111197194145
2287 189 0.6841751223241345
