1
30 150
97
905628
603441
69774
123598
182449
737957
150405
930647
795469
73799
19054
6485
320316
346943
576807
834213
856816
53
403991
785450
615386
359532
486539
757474
15574
274276
342676
999629
999322
887853
689520
888810
973068
608612
420711
315685
344384
341601
312097
203676
286101
531248
498946
294495
162782
875813
319935
84829
794575
422225
315038
342317
963123
762862
45541
231338
196644
752566
152754
154898
688141
698205
40390
611481
825566
885429
662510
168923
468448
98052
273689
906167
917983
766818
489744
989088
952563
944331
93688
486929
150076
697882
45853
847802
500987
619964
975443
854002
779772
773105
199749
507163
181825
552147
508703
134454
64649
852878
37351
322196
87917
654098
695977
653663
565213
229255
492461
274121
696411
921106
579579
456978
400961
72892
841651
725536
218281
625365
263684
331076
564535
381787
189117
368266
276227
677997
877896
714894
270219
98717
301900
620708
195135
720471
952347
346005
16983
241876
689385
429823
417020
799259
987716
131993
265500
126988
253315
50409
456528
